456242205
456242204
456242203
456242202
456242201
456242200
456242199
456242198
456242197
456242196
456242195
456242194
456242193
456242192
456242190
456242189
456242188
456242187
456242186
456242185
456242184
456242183
456242182
456242181
456242180
456242179
456242178
456242177
456242176
456242175
456242174
456242173
456242172
456242171
456242170
456242169
456242168
456242166
456242165
456242163
456242162
456242161
456242160
456242159
456242158
456242157
456242156
456242155
456242154
456242153
456242152
456242151
456242150
456242149
456242148
456242147
456242146
456242145
456242144
456242143
456242142
456242141
456242140
456242139
456242138
456242137
456242136
456242135
456242134
456242133
456242132
456242130
456242129
456242128
456242127
456242126
456242125
456242124
456242123
456242122
456242121
456242120
456242119
456242118
456242117
456242116
456242112
456242111
456242109
456242108
456242107
456242105
456242104
456242102
456242101
456242100
456242099
456242098
456242097
456242096
456242095
456242094
456242093
456242092
456242091
456242090
456242089
456242088
456242087
456242086
456242085
456242084
456242083
456242082
456242081
456242080
456242079
456242078
456242077
456242076
456242075
456242074
456242073
456242072
456242071
456242070
456242069
456242068
456242067
456242066
456242065
456242064
456242063
456242062
456242061
456242060
456242059
456242058
456242057
456242056
456242055
456242054
456242053
456242052
456242051
456242050
456242049
456242048
456242047
456242046
456242045
456242044
456242043
456242042
456242041
456242040
456242039
456242038
456242037
456242036
456242035
456242034
456242033
456242032
456242031
456242030
456242029
456242028
456242027
456242026
456242025
456242024
456242023
456242022
456242021
456242020
456242019
456242018
456242017
456242016
456242015
456242014
456242013
456242012
456242011
456242010
456242009
456242008
456242007
456242006
456242005
456242004
456242003
456242002
456242001
456242000
456241999
456241998
456241996
456241995
456241994
456241993
456241992
456241991
456241990
456241989
456241988
456241987
456241986
456241985
456241984
456241983
456241982
456241981
456241980
456241979
456241978
456241977
456241976
456241975
456241974
456241973
456241972
456241971
456241970
456241969
456241968
456241967
456241966
456241965
456241964
456241963
456241962
456241961
456241960
456241959
456241958
456241957
456241956
456241955
456241954
456241952
456241951
456241950
456241949
456241948
456241947
456241946
456241945
456241944
456241943
456241942
456241941
456241940
456241939
456241938
456241937
456241936
456241935
456241934
456241933
456241932
456241931
456241930
456241929
456241928
456241927
456241926
456241925
456241924
456241923
456241922
456241921
456241920
456241919
456241918
456241917
456241916
456241915
456241914
456241913
456241912
456241911
456241910
456241909
456241908
456241907
456241906
456241905
456241904
456241903
456241902
456241901
456241900
456241899
456241898
456241897
456241896
456241895
456241894
456241893
456241892
456241891
456241890
456241889
456241888
456241887
456241886
456241885
456241884
456241883
456241882
456241881
456241880
456241879
456241878
456241877
456241876
456241875
456241874
456241873
456241872
456241871
456241870
456241869
456241868
456241867
456241866
456241865
456241864
456241863
456241862
456241861
456241860
456241859
456241858
456241857
456241856
456241854
456241853
456241852
456241851
456241850
456241849
456241848
456241847
456241846
456241845
456241844
456241843
456241842
456241841
456241840
456241839
456241838
456241837
456241836
456241835
456241834
456241833
456241832
456241831
456241830
456241829
456241828
456241827
456241826
456241825
456241824
456241823
456241822
456241821
456241820
456241819
456241818
456241817
456241816
456241815
456241814
456241813
456241812
456241811
456241810
456241809
456241808
456241806
456241802
456241801
456241800
456241799
456241798
456241796
456241795
456241794
456241793
456241792
456241791
456241790
456241789
456241788
456241787
456241786
456241785
456241784
456241783
456241782
456241781
456241780
456241779
456241778
456241777
456241776
456241775
456241774
456241773
456241772
456241771
456241770
456241769
456241768
456241767
456241766
456241765
456241764
456241763
456241762
456241761
456241760
456241759
456241757
456241756
456241755
456241754
456241753
456241752
456241751
456241750
456241749
456241748
456241747
456241746
456241745
456241744
456241743
456241742
456241741
456241740
456241739
456241738
456241737
456241736
456241735
456241734
456241733
456241732
456241731
456241730
456241729
456241728
456241727
456241726
456241725
456241723
456241722
456241721
456241720
456241719
456241718
456241717
456241716
456241715
456241714
456241713
456241712
456241711
456241710
456241709
456241707
456241706
456241705
456241704
456241703
456241702
456241701
456241700
456241699
456241698
456241697
456241696
456241695
456241694
456241693
456241692
456241691
456241690
456241689
456241688
456241687
456241686
456241685
456241684
456241683
456241682
456241681
456241679
456241678
456241677
456241676
456241675
456241674
456241673
456241672
456241671
456241670
456241669
456241668
456241667
456241666
456241665
456241664
456241663
456241662
456241661
456241660
456241659
456241658
456241657
456241656
456241655
456241653
456241652
456241651
456241650
456241649
456241648
456241647
456241646
456241645
456241644
456241643
456241642
456241641
456241640
456241639
456241638
456241637
456241636
456241635
456241634
456241633
456241632
456241631
456241630
456241629
456241628
456241627
456241626
456241625
456241624
456241623
456241622
456241621
456241620
456241619
456241618
456241617
456241616
456241615
456241614
456241613
456241612
456241611
456241610
456241609
456241608
456241607
456241606
456241605
456241603
456241602
456241601
456241600
456241599
456241598
456241597
456241596
456241595
456241594
456241593
456241592
456241591
456241590
456241589
456241588
456241587
456241586
456241585
456241584
456241583
456241582
456241581
456241580
456241579
456241578
456241577
456241576
456241575
456241574
456241573
456241572
456241571
456241570
456241569
456241568
456241567
456241566
456241565
456241564
456241563
456241562
456241561
456241560
456241559
456241558
456241557
456241556
456241555
456241554
456241553
456241552
456241551
456241550
456241549
456241548
456241547
456241546
456241545
456241544
456241543
456241542
456241541
456241540
456241539
456241538
456241537
456241536
456241535
456241533
456241532
456241531
456241530
456241529
456241528
456241527
456241526
456241525
456241524
456241523
456241522
456241521
456241520
456241519
456241518
456241517
456241516
456241515
456241514
456241513
456241512
456241511
456241509
456241508
456241507
456241506
456241505
456241504
456241503
456241502
456241501
456241500
456241499
456241498
456241497
456241496
456241495
456241494
456241493
456241492
456241491
456241490
456241489
456241488
456241487
456241486
456241485
456241484
456241483
456241482
456241481
456241480
456241479
456241478
456241477
456241476
456241475
456241474
456241473
456241472
456241471
456241470
456241469
456241466
456241465
456241464
456241463
456241461
456241460
456241459
456241458
456241457
456241456
456241455
456241454
456241452
456241451
456241450
456241449
456241448
456241447
456241446
456241445
456241444
456241442
456241441
456241440
456241439
456241438
456241437
456241436
456241435
456241434
456241433
456241432
456241431
456241430
456241429
456241428
456241427
456241426
456241425
456241424
456241423
456241422
456241421
456241420
456241419
456241418
456241417
456241416
456241415
456241414
456241413
456241412
456241411
456241410
456241409
456241408
456241407
456241406
456241405
456241404
456241403
456241402
456241401
456241400
456241399
456241398
456241397
456241396
456241395
456241394
456241393
456241392
456241391
456241390
456241389
456241388
456241387
456241386
456241385
456241384
456241383
456241382
456241381
456241380
456241379
456241378
456241377
456241376
456241375
456241374
456241373
456241372
456241371
456241370
456241369
456241368
456241367
456241366
456241365
456241364
456241363
456241362
456241361
456241360
456241359
456241358
456241357
456241356
456241355
456241354
456241353
456241352
456241351
456241350
456241349
456241348
456241347
456241345
456241344
456241343
456241342
456241341
456241340
456241339
456241337
456241336
456241335
456241334
456241333
456241332
456241331
456241330
456241329
456241328
456241327
456241326
456241323
456241321
456241315
456241314
456241310
456241309
456241308
456241307
456241306
456241305
456241304
456241303
456241302
456241301
456241300
456241299
456241297
456241296
456241295
456241294
456241293
456241292
456241291
456241290
456241289
456241288
456241287
456241286
456241285
456241284
456241283
456241282
456241281
456241280
456241279
456241278
456241277
456241276
456241275
456241274
456241273
456241272
456241271
456241270
456241269
456241268
456241267
456241266
456241265
456241264
456241263
456241262
456241260
456241259
456241258
456241256
456241255
456241254
456241253
456241252
456241251
456241250
456241249
456241248
456241247
456241246
456241245
456241244
456241243
456241240
456241239
456241238
456241237
456241236
456241235
456241234
456241233
456241232
456241231
456241230
456241229
456241228
456241227
456241226
456241225
456241224
456241223
456241222
456241221
456241220
456241219
456241218
456241217
456241216
456241215
456241214
456241213
456241212
456241211
456241210
456241209
456241208
456241207
456241206
456241203
456241202
456241201
456241199
456241198
456241197
456241196
456241195
456241194
456241192
456241191
456241190
456241189
456241188
456241187
456241186
456241185
456241184
456241183
456241182
456241181
456241180
456241179
456241178
456241177
456241175
456241174
456241173
456241172
456241171
456241169
456241168
456241167
456241166
456241165
456241164
456241163
456241162
456241161
456241160
456241159
456241157
456241156
456241155
456241154
456241153
456241152
456241151
456241150
456241149
456241148
456241147
456241146
456241145
456241144
456241143
456241142
456241141
456241140
456241139
456241138
456241137
456241136
456241135
456241134
456241133
456241132
456241131
456241130
456241129
456241128
456241127
456241126
456241125
456241124
456241123
456241122
456241121
456241120
456241119
456241118
456241117
456241116
456241115
456241114
456241113
456241112
456241111
456241110
456241109
456241108
456241107
456241106
456241105
456241104
456241103
456241102
456241101
456241099
456241098
456241097
456241096
456241095
456241094
456241093
456241092
456241091
456241090
456241089
456241088
456241087
456241086
456241085
456241084
456241083
456241082
456241081
456241080
456241079
456241078
456241077
456241076
456241074
456241073
456241071
456241069
456241068
456241067
456241066
456241065
456241064
456241063
456241062
456241061
456241060
456241059
456241058
456241057
456241056
456241055
456241054
456241053
456241052
456241051
456241050
456241049
456241048
456241047
456241046
456241045
456241044
456241043
456241042
456241041
456241040
456241039
456241038
456241037
456241036
456241035
456241034
456241033
456241032
456241031
456241030
456241029
456241028
456241027
456241026
456241025
456241024
456241023
456241022
456241021
456241020
456241019
456241018
456241017
456241016
456241015
456241014
456241013
456241012
456241011
456241010
456241009
456241008
456241007
456241006
456241005
456241004
456241003
456241002
456241001
456241000
456240999
456240998
456240997
456240996
456240995
456240994
456240993
456240992
456240991
456240990
456240989
456240988
456240987
456240986
456240985
456240984
456240983
456240982
456240981
456240980
456240979
456240978
456240977
456240976
456240975
456240974
456240973
456240972
456240971
456240970
456240968
456240967
456240966
456240965
456240964
456240963
456240962
456240961
456240960
456240959
456240958
456240957
456240956
456240955
456240954
456240953
456240952
456240951
456240950
456240949
456240948
456240947
456240946
456240944
456240943
456240942
456240941
456240940
456240939
456240938
456240937
456240936
456240935
456240934
456240933
456240932
456240931
456240930
456240929
456240928
456240927
456240926
456240925
456240924
456240923
456240922
456240921
456240920
456240919
456240918
456240917
456240916
456240915
456240914
456240913
456240912
456240911
456240910
456240909
456240908
456240907
456240906
456240905
456240904
456240903
456240902
456240901
456240900
456240899
456240898
456240897
456240896
456240895
456240894
456240893
456240892
456240891
456240890
456240889
456240888
456240887
456240886
456240885
456240884
456240883
456240882
456240881
456240880
456240879
456240878
456240877
456240876
456240875
456240874
456240873
456240872
456240871
456240870
456240869
456240868
456240867
456240866
456240865
456240864
456240863
456240862
456240861
456240860
456240859
456240858
456240856
456240855
456240854
456240853
456240852
456240851
456240850
456240849
456240848
456240847
456240846
456240845
456240844
456240843
456240842
456240841
456240840
456240839
456240838
456240837
456240836
456240835
456240834
456240833
456240832
456240831
456240830
456240829
456240828
456240827
456240826
456240825
456240824
456240823
456240822
456240821
456240820
456240819
456240818
456240817
456240816
456240815
456240814
456240813
456240812
456240811
456240810
456240809
456240808
456240807
456240806
456240805
456240804
456240803
456240802
456240801
456240800
456240799
456240798
456240797
456240796
456240795
456240794
456240793
456240792
456240791
456240790
456240789
456240788
456240787
456240786
456240785
456240784
456240783
456240782
456240781
456240780
456240779
456240778
456240777
456240776
456240775
456240774
456240773
456240772
456240771
456240770
456240769
456240768
456240767
456240766
456240765
456240764
456240763
456240762
456240761
456240760
456240759
456240758
456240757
456240756
456240755
456240754
456240753
456240752
456240751
456240750
456240749
456240748
456240747
456240746
456240745
456240744
456240743
456240742
456240741
456240740
456240739
456240737
456240736
456240735
456240733
456240732
456240731
456240730
456240729
456240728
456240727
456240726
456240725
456240724
456240723
456240722
456240721
456240720
456240719
456240718
456240717
456240716
456240715
456240714
456240713
456240712
456240711
456240710
456240709
456240708
456240707
456240706
456240705
456240704
456240703
456240702
456240701
456240700
456240699
456240698
456240697
456240696
456240695
456240694
456240693
456240692
456240691
456240690
456240689
456240688
456240687
456240686
456240685
456240684
456240683
456240682
456240681
456240680
456240679
456240678
456240677
456240676
456240675
456240674
456240673
456240672
456240671
456240670
456240669
456240668
456240667
456240666
456240665
456240664
456240663
456240662
456240661
456240660
456240659
456240658
456240657
456240656
456240655
456240654
456240653
456240652
456240651
456240650
456240649
456240648
456240647
456240646
456240645
456240644
456240643
456240642
456240641
456240640
456240639
456240638
456240637
456240636
456240635
456240634
456240633
456240632
456240631
456240630
456240629
456240628
456240627
456240626
456240625
456240624
456240623
456240622
456240621
456240620
456240619
456240618
456240617
456240616
456240615
456240614
456240613
456240612
456240611
456240610
456240609
456240608
456240607
456240606
456240605
456240604
456240603
456240602
456240601
456240600
456240599
456240598
456240597
456240596
456240595
456240594
456240593
456240592
456240591
456240589
456240588
456240587
456240586
456240585
456240584
456240582
456240581
456240580
456240579
456240578
456240577
456240576
456240575
456240574
456240573
456240572
456240571
456240570
456240569
456240568
456240567
456240565
456240564
456240563
456240562
456240561
456240560
456240559
456240558
456240557
456240556
456240555
456240554
456240553
456240552
456240551
456240550
456240549
456240548
456240547
456240546
456240545
456240544
456240543
456240542
456240541
456240540
456240539
456240538
456240537
456240536
456240535
456240534
456240533
456240532
456240531
456240530
456240529
456240528
456240527
456240526
456240525
456240524
456240523
456240522
456240521
456240520
456240519
456240518
456240516
456240515
456240514
456240513
456240512
456240511
456240510
456240509
456240508
456240507
456240506
456240505
456240504
456240503
456240502
456240501
456240500
456240498
456240497
456240496
456240495
456240494
456240493
456240492
456240491
456240490
456240489
456240488
456240487
456240486
456240485
456240484
456240483
456240482
456240481
456240480
456240479
456240478
456240477
456240476
456240475
456240474
456240473
456240472
456240471
456240470
456240469
456240468
456240467
456240466
456240465
456240464
456240463
456240462
456240461
456240460
456240459
456240458
456240457
456240456
456240455
456240454
456240453
456240452
456240451
456240449
456240447
456240448
456240446
456240445
456240444
456240443
456240442
456240441
456240440
456240439
456240438
456240437
456240436
456240435
456240434
456240433
456240432
456240431
456240430
456240429
456240428
456240427
456240426
456240425
456240424
456240423
456240422
456240421
456240420
456240419
456240417
456240416
456240415
456240414
456240413
456240412
456240411
456240410
456240409
456240408
456240407
456240405
456240404
456240403
456240402
456240401
456240400
456240399
456240398
456240397
456240396
456240395
456240394
456240393
456240392
456240391
456240390
456240389
456240388
456240387
456240386
456240385
456240384
456240383
456240382
456240381
456240380
456240379
456240378
456240377
456240375
456240374
456240372
456240371
456240370
456240369
456240368
456240367
456240366
456240365
456240364
456240362
456240361
456240360
456240359
456240358
456240357
456240356
456240355
456240354
456240353
456240352
456240351
456240350
456240349
456240348
456240347
456240346
456240345
456240344
456240343
456240342
456240341
456240340
456240339
456240337
456240336
456240335
456240334
456240333
456240332
456240331
456240330
456240329
456240328
456240327
456240326
456240325
456240324
456240323
456240322
456240321
456240320
456240319
456240318
456240317
456240316
456240315
456240314
456240313
456240312
456240311
456240310
456240309
456240308
456240307
456240306
456240305
456240304
456240303
456240302
456240301
456240300
456240299
456240298
456240297
456240296
456240295
456240294
456240293
456240292
456240291
456240289
456240288
456240287
456240285
456240284
456240283
456240282
456240281
456240280
456240279
456240278
456240277
456240276
456240275
456240274
456240273
456240272
456240271
456240270
456240269
456240268
456240267
456240266
456240265
456240264
456240263
456240262
456240261
456240260
456240259
456240258
456240257
456240256
456240255
456240254
456240253
456240252
456240251
456240250
456240248
456240247
456240246
456240245
456240244
456240243
456240241
456240240
456240239
456240238
456240237
456240236
456240235
456240234
456240232
456240231
456240229
456240228
456240227
456240226
456240225
456240224
456240223
456240222
456240221
456240220
456240219
456240218
456240217
456240216
456240215
456240214
456240213
456240212
456240211
456240210
456240209
456240208
456240207
456240205
456240204
456240203
456240202
456240201
456240200
456240199
456240197
456240196
456240195
456240193
456240192
456240191
456240190
456240189
456240188
456240187
456240186
456240185
456240184
456240183
456240182
456240181
456240180
456240179
456240178
456240177
456240176
456240175
456240174
456240173
456240172
456240171
456240170
456240169
456240168
456240167
456240166
456240164
456240163
456240161
456240160
456240159
456240158
456240157
456240156
456240154
456240153
456240152
456240151
456240150
456240149
456240148
456240147
456240146
456240145
456240143
456240142
456240141
456240140
456240139
456240138
456240137
456240136
456240135
456240134
456240133
456240132
456240131
456240130
456240129
456240128
456240127
456240126
456240125
456240124
456240123
456240122
456240119
456240118
456240117
456240116
456240115
456240114
456240113
456240112
456240111
456240110
456240109
456240108
456240107
456240106
456240105
456240104
456240103
456240102
456240101
456240100
456240099
456240098
456240097
456240096
456240095
456240093
456240092
456240091
456240090
456240089
456240088
456240087
456240086
456240085
456240084
456240083
456240082
456240081
456240080
456240079
456240078
456240077
456240076
456240075
456240074
456240073
456240072
456240071
456240070
456240068
456240067
456240066
456240065
456240064
456240063
456240062
456240061
456240060
456240059
456240058
456240057
456240056
456240055
456240053
456240052
456240051
456240050
456240049
456240048
456240047
456240046
456240045
456240044
456240043
456240042
456240041
456240040
456240038
456240037
456240036
456240035
456240034
456240033
456240032
456240031
456240030
456240029
456240028
456240027
456240026
456240025
456240024
456240023
456240022
456240021
456240020
456240019
456240018
456240017
456240016
456240015
456240014
456240013
456240012
456240011
456240010
456240009
456240008
456240007
456240006
456240005
456240004
456240003
456240002
456240001
456240000
456239999
456239998
456239997
456239996
456239995
456239994
456239993
456239992
456239991
456239990
456239989
456239988
456239987
456239986
456239984
456239983
456239982
456239981
456239979
456239978
456239977
456239976
456239975
456239974
456239973
456239972
456239971
456239969
456239968
456239967
456239966
456239965
456239964
456239963
456239962
456239961
456239960
456239959
456239958
456239957
456239956
456239954
456239953
456239952
456239951
456239950
456239949
456239948
456239947
456239946
456239945
456239944
456239943
456239942
456239941
456239940
456239939
456239938
456239937
456239936
456239935
456239934
456239933
456239932
456239931
456239930
456239929
456239928
456239927
456239926
456239925
456239924
456239923
456239922
456239921
456239920
456239919
456239918
456239917
456239915
456239914
456239913
456239912
456239911
456239910
456239909
456239908
456239907
456239906
456239905
456239904
456239903
456239902
456239901
456239900
456239899
456239898
456239897
456239896
456239895
456239894
456239893
456239892
456239891
456239890
456239889
456239888
456239886
456239885
456239884
456239883
456239882
456239881
456239880
456239879
456239878
456239877
456239876
456239874
456239873
456239871
456239870
456239869
456239868
456239867
456239866
456239865
456239864
456239863
456239862
456239861
456239860
456239859
456239858
456239857
456239856
456239855
456239854
456239853
456239852
456239851
456239850
456239849
456239848
456239847
456239846
456239845
456239844
456239843
456239842
456239841
456239840
456239839
456239838
456239837
456239836
456239835
456239834
456239833
456239832
456239831
456239830
456239829
456239828
456239827
456239826
456239825
456239824
456239823
456239822
456239821
456239820
456239819
456239817
456239816
456239815
456239814
456239812
456239811
456239808
456239807
456239806
456239805
456239804
456239802
456239801
456239800
456239799
456239798
456239797
456239796
456239795
456239794
456239793
456239792
456239791
456239790
456239788
456239787
456239786
456239785
456239784
456239783
456239782
456239780
456239779
456239778
456239777
456239776
456239775
456239774
456239773
456239772
456239771
456239770
456239769
456239768
456239767
456239766
456239765
456239764
456239763
456239761
456239760
456239758
456239757
456239756
456239755
456239754
456239753
456239751
456239750
456239749
456239748
456239747
456239746
456239745
456239744
456239743
456239742
456239741
456239739
456239738
456239737
456239736
456239735
456239734
456239733
456239732
456239731
456239729
456239727
456239726
456239725
456239724
456239723
456239722
456239721
456239720
456239719
456239718
456239717
456239715
456239714
456239713
456239712
456239711
456239710
456239709
456239708
456239707
456239706
456239705
456239704
456239702
456239701
456239700
456239699
456239698
456239697
456239696
456239695
456239694
456239693
456239692
456239691
456239690
456239688
456239687
456239686
456239685
456239684
456239683
456239682
456239681
456239680
456239679
456239678
456239677
456239676
456239675
456239673
456239672
456239671
456239670
456239669
456239668
456239667
456239666
456239665
456239664
456239663
456239662
456239661
456239660
456239659
456239658
456239657
456239656
456239655
456239654
456239653
456239652
456239650
456239649
456239648
456239647
456239646
456239645
456239644
456239643
456239642
456239641
456239640
456239639
456239638
456239637
456239636
456239635
456239634
456239633
456239632
456239631
456239630
456239629
456239628
456239627
456239626
456239625
456239624
456239623
456239622
456239621
456239620
456239619
456239618
456239617
456239616
456239615
456239614
456239613
456239612
456239611
456239610
456239609
456239608
456239607
456239606
456239605
456239604
456239603
456239602
456239601
456239600
456239599
456239598
456239597
456239596
456239595
456239594
456239593
456239592
456239591
456239590
456239589
456239588
456239587
456239586
456239585
456239584
456239583
456239582
456239581
456239580
456239579
456239578
456239577
456239576
456239575
456239574
456239573
456239572
456239571
456239570
456239569
456239568
456239567
456239566
456239565
456239564
456239563
456239561
456239560
456239559
456239558
456239557
456239556
456239555
456239554
456239553
456239551
456239549
456239548
456239547
456239546
456239545
456239544
456239543
456239542
456239541
456239540
456239539
456239538
456239537
456239536
456239535
456239534
456239533
456239532
456239531
456239530
456239529
456239528
456239527
456239526
456239525
456239523
456239522
456239521
456239520
456239519
456239518
456239517
456239516
456239515
456239514
456239513
456239512
456239511
456239510
456239509
456239508
456239507
456239506
456239505
456239504
456239503
456239502
456239500
456239498
456239497
456239496
456239495
456239494
456239493
456239492
456239491
456239490
456239489
456239488
456239487
456239485
456239483
456239481
456239480
456239479
456239478
456239477
456239476
456239475
456239474
456239473
456239472
456239471
456239470
456239469
456239468
456239467
456239466
456239465
456239464
456239463
456239462
456239461
456239460
456239459
456239458
456239457
456239456
456239454
456239453
456239450
456239449
456239448
456239447
456239445
456239444
456239443
456239442
456239440
456239439
456239438
456239437
456239436
456239435
456239434
456239433
456239432
456239430
456239429
456239428
456239427
456239426
456239425
456239424
456239423
456239422
456239421
456239420
456239419
456239418
456239417
456239415
456239414
456239413
456239412
456239409
456239408
456239407
456239406
456239405
456239403
456239404
456239402
456239400
456239399
456239398
456239397
456239396
456239395
456239394
456239393
456239392
456239391
456239390
456239389
456239388
456239387
456239386
456239385
456239384
456239383
456239382
456239380
456239379
456239378
456239377
456239376
456239375
456239374
456239373
456239372
456239371
456239370
456239369
456239367
456239366
456239365
456239364
456239363
456239361
456239360
456239359
456239358
456239357
456239356
456239355
456239354
456239353
456239352
456239351
456239350
456239349
456239348
456239347
456239346
456239345
456239344
456239343
456239342
456239341
456239340
456239339
456239338
456239337
456239336
456239335
456239334
456239333
456239331
456239330
456239329
456239328
456239327
456239326
456239325
456239324
456239323
456239322
456239321
456239320
456239319
456239318
456239317
456239315
456239314
456239313
456239312
456239311
456239310
456239309
456239308
456239307
456239306
456239305
456239304
456239303
456239302
456239301
456239300
456239298
456239294
456239293
456239292
456239291
456239289
456239288
456239287
456239286
456239285
456239284
456239283
456239281
456239280
456239279
456239278
456239277
456239276
456239275
456239274
456239273
456239272
456239271
456239270
456239269
456239268
456239267
456239266
456239265
456239263
456239262
456239261
456239260
456239259
456239258
456239257
456239256
456239255
456239254
456239252
456239251
456239250
456239249
456239248
456239247
456239246
456239245
456239244
456239243
456239242
456239241
456239240
456239239
456239238
456239237
456239236
456239235
456239233
456239232
456239231
456239230
456239229
456239228
456239227
456239226
456239225
456239224
456239223
456239222
456239221
456239220
456239219
456239218
456239217
456239216
456239215
456239214
456239213
456239211
456239210
456239209
456239208
456239207
456239206
456239205
456239204
456239203
456239202
456239201
456239200
456239199
456239198
456239197
456239196
456239195
456239194
456239193
456239192
456239191
456239190
456239189
456239188
456239187
456239186
456239185
456239184
456239183
456239182
456239181
456239180
456239179
456239178
456239177
456239176
456239175
456239174
456239173
456239172
456239171
456239170
456239169
456239168
456239167
456239166
456239165
456239164
456239163
456239162
456239161
456239160
456239159
456239158
456239157
456239156
456239155
456239154
456239153
456239152
456239151
456239150
456239149
456239148
456239146
456239145
456239144
456239143
456239142
456239138
456239137
456239136
456239135
456239134
456239133
456239131
456239130
456239129
456239128
456239127
456239126
456239125
456239124
456239123
456239122
456239121
456239120
456239119
456239118
456239117
456239116
456239115
456239114
456239113
456239112
456239111
456239110
456239109
456239108
456239107
456239106
456239105
456239104
456239103
456239102
456239101
456239100
456239099
456239098
456239097
456239096
456239095
456239094
456239093
456239092
456239091
456239090
456239089
456239088
456239087
456239085
456239084
456239083
456239082
456239081
456239079
456239078
456239077
456239076
456239074
456239073
456239072
456239071
456239070
456239069
456239068
456239067
456239066
456239065
456239064
456239063
456239062
456239061
456239060
456239059
456239058
456239057
456239056
456239055
456239054
456239053
456239052
456239051
456239050
456239049
456239048
456239047
456239046
456239045
456239044
456239043
456239042
456239041
456239040
456239039
456239038
456239037
456239036
456239035
456239034
456239033
456239032
456239031
456239030
456239029
456239028
456239027
456239026
456239025
456239024
456239023
456239022
456239021
456239020
456239019
456239018
456239017
